789
-204
258
957
-392
88
246
762
-20
-127
-320
600
-414
115
-662
-878
-678
572
76
-41
-928
549
121
517
-529
-928
849
739
-429
-816
696
-96
-452
284
-722
-662
319
-186
-482
-210
-835
624
993
970
-786
101
-99
-912
381
363
158
51
540
24
861
221
298
811
-911
507
-875
817
-295
685
310
781
688
896
130
63
-651
339
-676
997
668
702
-465
942
276
-599
-201
-451
-65
944
109
620
24
-259
406
-723
966
-235
630
470
622
602
206
34
142
-837
54
-317
-605
-962
-806
-243
-837
376
759
-744
880
-592
256
-942
293
-843
692
-702
-533
347
-464
896
48
707
559
-121
-332
658
-340
-58
-351
-114
291
863
778
-227
238
933
596
708
132
43
10
837
119
-666
-467
-266
-128
512
339
-3
-287
57
-577
-687
212
872
-401
901
952
528
196
994
-869
-879
886
-379
-710
550
651
-449
-35
-886
-138
975
-304
-138
255
848
923
-3
-251
-533
826
-465
-515
192
-385
-792
-751
-908
42
-997
265
-507
846
-573
-112
-134
677
-344
317
175
-259
111
-91
74
-45
-477
-13
100
98
21
-78
443
-821
-530
429
564
225
255
705
372
-62
719
-210
-747
557
746
-791
-150
-654
152
-748
-392
616
-975
133
88
-603
470
942
-492
787
202
-174
-254
-111
-440
-804
-445
-323
-494
-17
-739
815
530
492
77
-721
990
834
-185
-876
657
634
-44
-84
463
973
563
944
-727
-626
-716
-281
175
-565
-188
715
244
537
114
-605
-451
347
-315
661
97
-145
528
-905
110
26
-430
-811
-83
-952
984
484
-147
-788
-217
-537
-121
95
170
-873
538
-284
542
63
-149
-120
-566
895
-222
-737
786
129
380
966
-669
660
112
661
-766
91
-675
330
365
173
750
-138
828
-880
141
-845
947
-33
-625
360
100
121
582
493
321
-853
-813
148
367
634
-435
869
153
499
868
809
799
597
61
755
63
-622
49
573
-982
-842
352
92
-299
696
-387
-504
730
-272
789
962
741
395
883
-240
-609
-50
-757
-185
378
-260
-166
-799
-116
-856
537
806
561
-125
743
598
-623
598
664
179
-533
-117
-889
-687
397
-336
-330
33
831
-84
-190
-713
396
898
18
993
-132
-511
753
704
338
-194
-475
-788
734
-215
17
-477
440
970
368
812
836
-585
-478
-102
603
31
-680
-873
12
-146
624
-203
842
352
-581
814
-513
611
-244
147
-913
639
-269
434
704
-273
-713
275
-384
-11
650
125
831
147
-953
-812
-119
-60
891
-218
-697
960
-382
326
999
-921
536
-207
424
-24
482
-314
-53
560
709
136
255
-344
-355
-376
-703
-73
322
-152
490
643
-954
-361
-391
465
-59
116
575
872
-955
492
888
456
871
-646
-205
-748
-480
-336
-207
135
-222
311
-972
654
68
-848
-441
-916
702
456
-48
70
-840
252
8
710
-659
179
-822
-142
-724
-170
929
-21
119
996
-182
557
903
79
-66
-548
872
-570
-94
-375
-927
-143
-483
-823
320
-837
267
818
-723
297
357
147
899
-479
79
213
-24
293
-423
747
881
796
-384
966
-976
711
423
456
467
-327
969
849
-835
52
-957
-131
-400
-254
214
85
-702
660
-205
975
839
-980
187
-264
580
600
-639
-509
-254
101
-699
-473
-753
-122
-785
-652
-113
872
168
606
119
713
732
184
-473
-474
-713
952
-395
696
-41
206
-694
-296
189
768
-363
818
846
-245
-655
-935
-574
-776
-774
115
353
-692
-349
-937
122
24
-714
-222
931
-519
-856
-767
-374
-361
-317
893
-421
905
-219
717
-714
-490
350
-253
-210
-673
-814
-214
826
746
575
509
749
-955
238
606
-83
-925
-392
-130
-86
131
899
-201
-877
-496
868
908
-976
798
-950
-425
-457
-343
-131
288
823
398
-669
-233
263
-450
-433
-715
610
-323
-855
-963
-228
774
-6
-363
-717
-815
-587
-589
663
861
295
74
85
457
-484
287
-896
942
319
-703
202
12
696
77
-782
-998
-449
210
860
-803
841
-637
10
199
14
837
-559
681
622
934
162
435
74
826
-916
-335
219
8
679
476
-722
136
481
-613
85
340
98
-48
705
-677
420
857
-229
842
-729
735
192
-965
762
429
-270
91
327
168
-207
-191
116
-348
-169
782
-197
-887
-276
758
707
929
774
225
816
-848
-407
-887
376
-886
76
752
-603
-685
-755
-791
277
-231
-944
-575
-398
197
579
275
266
-840
614
-468
-781
-209
-973
217
-442
549
774
564
-400
-30
558
983
-916
-514
-121
828
-178
276
-43
607
283
-626
-43
-633
-391
-989
-926
319
-21
828
-716
-292
-709
-602
-848
765
1
-683
-261
-267
803
955
540
-34
149
-8
-352
397
-256
-707
4
577
-503
740
46
196
-330
-915
853
-302
925
399
46
-304
-917
-896
5
-165
-220
968
-515
-73
893
-359
943
-53
175
-196
-604
-822
-407
954
386
-833
772
-51
-761
95
653
-363
406
673
968
-932
-206
-936
989
887
155
333
853
-919
-656
-679
-715
-423
316
-123
805
-507
-438
468
73
-75
695
-642
-377
-694
865
-821
114
768
986
866
-374
688
-62
-453
-997
-813
663
647
663
-741
-690
51
-242
-984
27
-360
821
-237
737
-191
486
953
885
-488
-32
-329
-32
175
766
-528
-795
-204
154
-228
-169
-179
-124
548
-230
503
717
281
735
-231
140
122
-762
848
850
494
854
71
-890
-858
-396
293
-1
-174
-888
-851
289
259
8
-546
-823
-290
-375
706
-431
992
-694
-69
-846
-866
541
-256
-47
-435
363
623
804
561
892
966
875
693
194
-737
-520
52
-224
131
-667
-921
436
585
686
-345
-489
-806
-169
-262
424
845
340
604
-383
-815
-24
-589
-677
16
-821
438
265
-145
-282
-33
878
233
80
122
-648
-87
678
862
-314
967
-672
862
-543
547
294
-958
322
-4
591
518
263
989
394
-23
156
-549
-703
196
725
-783
33
-825
977
499
-968
-39
-388
-768
-646
68
-634
-713
-353
393
190
-308
-827
-603
427
-634
464
-413
-483
-84
800
967
-221
-483
731
554
596
-475
-206
-414
-676
-245
963
-491
-678
729
969
555
699
-647
531
441
-436
-410
-982
273
55
-760
-196
699
444
-572
-207
-120
52
903
641
-181
257
9
131
791
-251
-991
354
484
158
-594
778
-763
148
732
-101
-421
704
499
-412
-836
-377
368
-691
926
-192
-668
674
522
-983
-760
-225
37
613
947
628
-697
-601
-770
933
448
356
-518
-698
838
-808
-557
-197
917
226
-615
768
624
-208
-508
-728
940
-997
602
-720
567
-256
253
830
-976
706
716
-442
943
-784
263
270
-450
-559
-519
-573
-112
-802
675
278
69
478
631
-187
-708
614
874
45
979
-343
-287
-685
897
-164
-98
249
400
394
780
-367
-592
-633
735
884
-830
-603
398
344
22
287
-793
-459
643
-848
552
-284
193
206
126
-495
-557
-831
694
-156
-776
-433
-264
-862
-736
814
693
789
777
50
-903
-208
-678
-893
-596
669
-733
838
-41
431
892
-80
715
-568
-813
-707
226
52
-990
-662
-220
996
-601
-183
-96
-606
894
401
418
631
570
-48
-316
467
93
413
678
398
-147
136
-88
-929
596
468
-603
330
-37
652
838
-13
-998
582
-23
-443
-167
-19
943
631
-635
985
-75
-213
-401
-911
-551
884
-30
-374
673
286
71
954
-721
285
635
-685
-543
100
832
275
966
114
-947
-1
954
445
941
824
-216
567
112
-97
-420
908
-708
-256
-307
482
-45
765
788
814
-946
-293
647
531
-120
824
-71
-241
946
597
-600
478
-786
-809
235
223
-59
-311
-223
-488
128
318
453
-449
0
-183
-668
184
-573
-499
-629
378
3
723
351
-708
-984
457
625
-966
314
-415
-311
260
-399
-347
-178
-395
-757
-694
-217
478
257
-865
505
-102
-30
822
-140
54
543
99
425
-71
-202
-644
-187
607
318
130
-938
355
822
-99
-700
-953
911
460
31
-92
-791
752
-492
-618
-162
766
-783
-594
967
-86
307
684
929
691
-619
8
854
831
652
-821
339
-77
346
194
-149
-712
-84
875
-539
-969
-451
-332
-82
352
-446
635
279
-178
332
126
410
-37
959
507
100
-724
-547
490
-101
822
587
535
-473
595
-533
-735
513
135
864
-44
437
-548
68
-755
659
-705
217
680
503
464
-164
-661
-822
39
-811
577
-542
28
-978
-398
-400
-710
793
517
661
-63
-828
460
239
-890
995
838
493
217
550
-570
378
-429
-763
-110
-655
692
-869
776
-131
564
997
115
-954
-154
-491
947
492
314
-494
-523
-888
-935
-727
-350
-535
943
388
68
117
181
-978
-956
-939
-346
436
-539
-987
136
-350
-152
302
-878
833
-918
141
551
-389
462
465
596
137
-986
95
735
110
425
217
285
-263
-518
-730
-176
-803
-527
-921
216
383
458
-349
918
817
998
600
-9
193
-199
650
-807
564
-619
101
8
-941
356
-49
470
-719
716
790
-810
-263
119
-995
-646
-494
434
881
-586
749
-677
212
151
393
-928
898
-283
566
977
-130
733
-796
198
-918
-495
-67
-804
-235
-259
152
-119
-644
-764
636
-857
-589
-738
-564
-486
-4
-532
-82
-959
403
-975
672
47
578
745
305
314
-870
-807
898
183
-488
1000
-671
-173
-166
-626
-118
-499
-164
-763
551
-478
-383
87
173
-910
427
3
-103
546
-929
86
-939
312
-737
179
243
848
238
-774
503
-531
347
-406
-296
248
699
977
-587
-500
463
-685
-157
-232
616
735
500
-211
-208
-963
686
19
-399
-545
-729
78
-495
-797
306
-577
557
810
156
-335
702
-752
-45
397
340
-625
162
-657
-58
-645
442
-613
948
445
-776
-546
-688
-135
165
580
-863
320
-584
304
-171
767
804
835
-658
622
74
141
-611
873
-107
229
-226
-631
-629
-289
762
506
-987
923
-892
597
538
238
-394
815
-887
-52
-799
52
595
-138
-159
281
33
146
832
922
-449
-613
840
950
573
-820
-191
-107
760
-824
577
-632
259
-787
565
34
-986
-813
-910
832
676
401
461
-457
351
4
-394
-679
668
145
746
98
894
838
425
110
521
864
731
-988
356
-816
194
-167
-491
-253
-771
623
-340
-920
361
3
666
430
-585
-620
845
-860
-907
-66
987
747
-971
-110
-424
-559
-779
366
863
-884
-445
-62
966
-249
-528
512
-614
-71
-597
-647
-813
920
879
-833
67
130
992
-371
25
-734
-575
-911
-66
490
575
-577
-414
-4
914
923
993
-925
600
903
317
-232
-748
879
572
-259
-252
-904
-487
-720
873
518
-992
-297
113
822
-517
-918
868
-345
379
-924
-871
801
927
474
296
-409
461
821
-778
578
-81
-252
994
-78
-998
-280
798
787
283
-269
-680
521
-805
542
-225
-663
-345
715
-158
690
-920
930
948
-68
-294
-720
57
-344
161
403
344
-257
-83
259
266
162
-101
804
358
-4
-724
802
-796
-79
835
-913
820
-770
168
-759
-50
-791
967
-1
44
954
-780
336
-600
-819
264
-543
-450
-547
-954
-817
-34
134
-877
301
-955
-613
-194
163
536
-619
866
332
53
-632
119
672
-636
806
626
484
-343
-3
-1
-131
7
-81
360
-872
-232
589
551
583
622
77
-954
284
-953
458
217
838
362
945
586
-173
-652
852
-821
900
-257
-405
661
-60
743
830
-183
958
409
-362
603
-414
-777
86
-192
-149
-866
-534
-861
610
362
-768
799
-659
809
-458
571
-519
-72
859
-901
-137
556
-997
-266
465
-455
88
-463
-194
580
-38
-525
856
-160
830
849
681
-806
494
496
-956
230
214
943
-15
-923
348
792
115
-752
138
471
-230
398
-534
-35
-671
927
-781
-608
548
431
217
-363
-2
251
573
-857
-4
808
-521
3
57
-143
135
655
391
713
-843
-428
-264
-243
535
433
979
-819
143
-350
228
716
-916
972
653
651
614
-452
-457
-774
-101
477
566
798
225
248
-844
98
33
-307
-717
173
-203
276
-509
-509
-825
167
-792
365
933
-298
-534
-675
14
775
529
-801
994
64
200
356
-934
-698
197
450
482
-792
20
-781
-548
468
-425
-401
-699
408
484
222
707
-341
937
405
559
646
737
387
787
796
246
276
52
-500
647
322
430
561
-556
294
681
792
602
-864
-46
93
-975
-169
-796
-192
144
353
-873
101
607
-1
922
343
-850
-694
45
134
-189
-826
-960
664
-860
-63
-552
-522
781
654
-136
-853
-653
519
605
993
849
-814
706
-649
909
171
-709
810
-114
812
363
-852
881
-44
-362
-26
-687
-277
381
-372
-719
-519
-187
-563
-969
495
-762
912
850
-213
620
435
-935
249
-820
451
-243
724
42
-549
707
-415
-122
499
999
630
373
-882
379
794
-74
45
-590
645
-44
-923
-602
134
681
209
-249
576
-192
808
126
36
-991
271
-653
771
674
156
503
-332
-551
-690
642
172
905
254
-132
417
437
661
503
-947
-557
-948
-914
273
-122
-160
932
-959
909
-269
10
210
-398
127
-88
-229
750
707
-286
-717
-358
889
-47
25
420
-455
715
102
-212
-426
304
-733
-299
879
-182
14
-88
-513
629
-943
900
-566
-403
231
595
-228
-657
166
146
-499
-34
580
-42
830
-363
-710
-725
-104
-384
460
-986
199
876
-64
-514
-214
229
-130
-728
-657
-700
77
87
380
-499
724
499
170
275
-519
202
792
925
-729
149
-422
40
-890
678
-616
909
-64
707
719
-323
546
269
-599
77
685
355
924
-853
925
-33
865
-546
-737
801
464
-110
-933
-479
818
-447
-896
302
618
36
-372
-678
233
-783
-5
924
-164
-969
766
-178
759
800
858
-634
-237
-161
288
-877
-161
627
-674
742
847
41
71
-127
469
-819
-182
136
959
650
-852
-822
-308
565
-65
-652
-438
-995
-273
602
578
359
273
24
-435
203
569
-852
-12
-633
561
-314
447
658
-386
288
622
-505
285
994
-177
464
-4
667
266
357
13
-257
-116
-825
-590
319
603
139
784
-672
-594
105
439
-250
74
-320
-471
24
646
-78
-766
902
-980
-714
206
-162
-779
-769
360
120
-900
-929
21
-122
-567
591
-166
413
-147
-931
585
-933
411
60
-141
833
-959
482
-547
888
-390
603
-926
-106
820
-887
-985
-376
-104
340
-939
358
-346
-720
-530
505
825
-422
-978
-126
920
975
-895
663
-809
-850
-105
-338
-279
145
857
-565
736
-637
218
-334
-609
238
656
500
-443
371
-54
760
779
-372
-689
-996
-767
-333
582
190
-601
-763
-914
309
-379
-253
-269
-248
611
-960
-319
-361
793
-800
-428
631
-242
295
348
-624
-997
-435
-736
39
21
850
-542
-790
977
320
78
-563
-853
-663
789
-305
-137
-484
-818
262
-584
234
224
-719
183
612
988
871
941
522
-862
-269
747
739
-684
-323
393
121
906
-850
-107
550
-975
435
986
605
-315
-495
870
-996
303
-188
-515
849
-289
-804
852
594
971
800
671
538
-68
521
-759
-978
-76
147
465
305
-307
313
325
-290
470
960
-423
-795
118
-839
992
792
-687
-760
-35
-511
-433
706
524
-926
199
661
-671
-722
714
943
158
914
669
835
-739
774
970
880
-506
537
-371
594
-802
-283
234
532
847
747
-479
16
475
5
-110
-641
52
-854
107
-793
523
-138
-732
170
766
78
964
679
889
-44
-559
-164
361
-926
414
-785
288
764
220
952
514
-583
-561
961
-968
-831
75
79
706
-566
-539
731
-325
79
-26
477
429
-883
-286
328
-451
396
-581
-785
-357
688
-98
-876
-483
-928
113
618
-221
-338
-609
-892
-973
41
-528
-951
-883
-758
910
-71
-848
844
367
-214
-511
-392
784
115
628
68
472
-710
430
713
-274
378
812
398
58
104
-249
-870
227
288
9
877
691
-476
96
398
-421
-521
440
390
757
435
965
21
849
416
429
-51
-189
-8
101
-495
-994
-926
864
649
528
521
213
665
-809
-254
396
374
-990
-740
-803
51
879
-436
402
-636
610
-166
927
888
-718
546
950
-492
-254
479
-995
-985
987
-711
-283
-324
512
-869
-930
-155
-735
199
-391
-96
-219
-190
-531
-653
507
-456
75
-134
-884
-559
942
-677
-270
653
572
-735
-724
-489
753
-237
-865
789
321
197
795
-804
283
640
103
75
-808
302
-722
436
914
-56
-608
-552
-774
-353
-605
-19
-280
-931
-331
576
-745
-732
985
729
152
-506
370
-392
-34
-301
50
842
350
157
-100
-51
892
2
881
731
574
853
282
-404
909
-598
-408
223
703
420
-182
-140
795
717
850
732
983
972
882
-589
-534
510
53
-103
904
-335
306
-405
861
-568
-41
-609
313
-178
523
663
-688
575
890
104
655
881
287
656
354
-881
-184
334
292
122
-975
535
-998
-666
-150
-492
-420
-520
388
-737
-344
-597
-457
-635
-873
818
880
-130
703
814
86
-877
-450
-217
-710
-93
-860
-884
690
450
266
-967
817
-816
-166
809
-944
-3
-481
-492
-789
-312
-249
-797
22
-547
544
-87
938
878
308
-332
435
743
-58
-554
-538
-625
-564
-792
-499
-889
-71
-598
-518
933
-424
745
-536
282
-457
-719
-767
-569
-363
879
786
-257
-42
-880
761
55
130
702
-657
-654
-137
646
-799
-774
463
256
-399
-664
-368
409
752
899
-760
-808
872
-886
452
601
891
-995
-252
-992
273
-866
619
31
104
-598
-648
309
206
668
78
61
-551
-368
-484
-104
-279
-699
801
-720
982
-978
304
474
146
625
202
-785
-922
351
-235
-911
244
-905
549
-162
-609
812
-105
-913
-610
404
-327
849
-596
-381
597
982
-587
181
-156
-776
526
-661
334
749
-262
218
-104
339
-223
-399
119
385
-839
-757
295
-198
275
105
967
114
-695
-909
727
464
282
2
256
314
69
300
996
228
467
277
-558
-90
53
465
-30
238
529
953
745
973
-375
955
772
410
385
-484
-40
986
609
-453
-773
746
-528
959
-870
987
61
785
277
-440
799
-237
29
199
-873
-17
667
-630
780
534
925
-167
-172
959
-150
-299
83
-598
594
-158
-931
-998
82
-429
852
-247
-935
308
337
355
-924
-646
802
-365
495
-283
885
-365
501
-324
809
-640
534
-996
720
277
-468
975
624
-732
-583
793
-99
-621
657
360
-406
-156
-571
-316
334
-67
34
-191
656
-11
-906
-276
453
-685
894
901
-818
-400
-202
-999
88
152
122
652
-307
-72
581
664
833
91
579
673
625
814
-630
866
505
-986
-815
-355
-614
-38
-830
-373
98
183
-903
-368
-7
-247
-436
-157
-50
229
155
-200
758
-781
607
-56
-65
-333
504
19
170
705
-30
1000
295
-741
940
614
-568
-544
-483
718
837
893
365
-650
-410
384
-741
-158
-497
-457
-886
952
-261
-16
-877
-908
712
423
-64
-838
-438
-80
702
-796
203
-931
-699
733
923
63
870
729
-342
20
-717
566
-641
-744
367
-463
42
364
-158
-364
-741
-52
-132
987
-838
795
-903
-221
-804
-243
333
-12
-595
-854
-953
622
460
-417
985
707
-196
-58
591
-933
297
-71
676
497
745
704
-917
846
233
-232
845
-615
-203
-252
-465
823
364
337
-749
465
413
299
-674
335
-849
-996
-280
872
-796
-352
477
-75
617
-929
997
-364
-289
308
-13
607
-546
772
-303
747
482
-666
816
-404
567
342
594
338
-879
810
490
625
-630
945
-311
166
-626
416
-247
-745
193
648
-934
-985
-503
831
-421
404
316
807
691
-388
-684
-167
-719
-92
47
729
88
-621
-265
-446
-918
225
-369
929
910
-128
-190
-288
-79
318
155
-120
681
999
725
488
530
621
-912
-930
169
184
395
-293
-544
-800
-309
-912
-520
687
103
-434
-239
-390
-17
-57
-191
405
746
-281
686
829
-92
-126
-239
-622
-573
-223
415
-507
-44
-127
-355
499
-316
-542
-194
-842
50
368
-962
904
700
825
530
916
-82
309
119
-957
-86
-690
-40
229
-227
314
-257
-894
-105
17
-781
-628
-367
95
-656
350
-185
-754
361
-164
567
-587
-110
-966
-963
-873
209
37
-281
359
-217
-318
147
856
-214
-960
-226
463
340
249
-64
-189
160
-381
-347
192
-928
-958
123
-626
919
804
810
583
739
785
-732
272
-521
286
-367
-26
-891
90
-5
659
557
20
499
-541
958
-959
-862
-223
-265
567
-641
861
-193
-876
488
729
-695
782
-685
691
747
120
417
953
-409
-237
-275
627
-753
-584
-508
577
-777
203
-284
-908
836
-341
314
-429
-404
-409
750
112
-894
-811
-762
928
342
987
-727
-315
50
338
-681
-85
-575
-848
654
249
768
-220
-725
804
-670
-608
787
-288
995
296
871
795
875
-246
483
-714
-730
-12
337
-67
-648
16
434
-387
536
277
-854
-756
-354
967
801
163
973
659
-599
974
-952
777
-612
-590
638
286
169
733
456
490
210
-471
713
341
-228
378
912
663
329
316
437
744
268
219
-933
967
149
909
-937
-703
-635
-939
-180
-358
230
-209
36
-957
-52
675
354
-60
409
540
709
-249
848
-804
730
524
839
725
145
487
367
-792
41
-104
-63
-847
-956
865
-585
31
590
294
-188
359
897
648
164
432
516
-93
655
-403
-367
-599
-606
375
951
487
-285
-490
855
857
-228
-679
-85
-999
577
-826
574
840
-940
-533
-650
-972
-323
-753
-418
73
201
-403
590
886
-703
132
-374
898
285
-624
-113
-310
-232
9
-40
-304
-470
-215
-288
-119
-475
831
960
-558
-489
-796
959
7
483
-860
390
-145
634
-254
721
895
905
865
-327
-365
-696
282
-629
-212
-174
358
760
374
-273
464
-8
784
332
10
91
685
-454
751
444
350
-909
635
-948
-758
306
-591
-352
450
-723
-312
-129
-975
815
-356
-220
-331
-705
351
-727
616
-691
14
-943
-570
609
52
-694
726
-847
248
524
-654
61
425
930
887
-558
-38
328
-744
-189
314
-598
-26
-878
-432
206
-5
717
-480
261
-961
372
882
135
620
-374
-859
-284
327
-238
693
-695
-3
506
687
426
227
792
485
194
-68
-719
-563
751
847
433
624
985
-872
549
238
495
879
604
-591
954
894
-480
844
900
-98
-512
-698
-919
403
976
379
-903
509
512
-811
310
772
657
-465
433
542
-312
665
-365
-696
731
-153
994
930
-906
-702
138
-190
369
-458
-671
-34
714
-26
-818
249
567
225
958
-88
162
-18
-583
474
761
471
-137
874
-610
269
963
781
565
547
445
-492
-670
-168
-377
984
21
-739
-478
546
-141
-337
-303
-496
148
622
-392
803
836
-295
314
-137
698
799
-314
138
-514
-873
-547
339
329
413
-87
303
514
-20
-908
-199
639
74
233
130
829
715
943
935
-3
-803
513
988
-923
-939
20
790
-935
-322
85
-197
396
572
-909
242
-402
775
301
983
-480
65
-758
826
-194
737
-416
-285
539
814
105
-449
255
-155
219
2
728
-950
405
-662
-402
-538
-20
-436
623
-592
970
118
511
-842
-295
-881
-655
1
655
937
83
-676
941
27
836
794
893
-479
-730
53
-675
79
-927
-992
-866
-591
909
125
-617
-179
368
-789
-654
345
-987
-287
-734
-380
-859
761
886
-276
-716
-124
566
-805
-454
251
376
-404
879
858
-349
209
261
-328
381
811
-503
31
-665
746
-764
-100
891
599
-727
479
-934
-320
967
274
791
-390
-570
730
-936
162
918
448
813
-929
898
-650
-994
642
-338
-370
-675
928
825
509
-334
-128
-454
-761
-633
-800
-841
506
830
-795
552
346
-901
-862
-693
-494
-389
172
314
912
-725
842
-269
-529
-769
-12
489
822
-268
591
-796
-775
667
358
-145
-513
194
670
472
722
191
-136
847
-798
687
909
-649
-128
715
-381
284
155
404
419
-58
-488
-580
770
-466
982
346
-421
-933
-756
596
682
931
539
-124
-182
207
298
832
683
306
-953
802
-632
-264
656
-877
-174
840
864
-771
653
78
-826
748
-617
371
339
820
-125
-541
-714
487
-800
634
980
-753
-456
185
-456
-409
-334
737
563
993
-648
946
942
350
382
413
679
-104
712
816
660
478
-246
685
-909
591
844
94
258
-498
433
468
-998
467
-18
-212
959
822
-713
170
-311
763
-564
911
-639
-487
664
644
942
-419
557
-960
-482
-165
591
-786
95
366
935
-878
-352
-43
-946
-62
547
999
-731
-174
289
349
601
-264
333
-866
-813
281
-462
348
-35
-587
879
991
482
-599
-953
-225
-693
-942
47
64
328
24
-275
305
2
162
54
-239
84
-443
409
529
-587
-778
106
316
-361
869
-882
-679
539
914
790
529
-660
-131
-906
848
39
525
-68
212
760
-810
556
302
-736
414
-404
605
122
-505
-821
-776
-835
130
109
535
441
628
-42
-213
223
-29
662
904
-398
-627
-156
-379
-30
-785
-155
-907
-794
656
437
696
558
77
347
529
-154
232
-859
-259
830
485
4
-673
202
909
-114
978
964
405
255
36
500
-702
-241
219
979
624
-8
-154
835
-455
-379
66
170
731
843
373
424
-949
-417
390
810
585
495
-450
915
-754
153
285
-16
-573
-811
-433
796
394
833
952
-333
754
661
-242
-38
-539
481
810
937
-205
367
-827
382
-515
719
297
-217
116
-288
25
-631
-425
220
444
-275
-352
-75
-323
187
258
668
910
-2
651
-656
560
-205
457
-177
-151
-411
-672
-579
634
-165
105
-741
-970
953
-277
198
769
-711
-35
471
107
-390
561
-374
306
767
26
498
66
-880
773
487
-18
979
-541
649
-980
-798
-664
411
778
-201
715
-698
-30
-944
-12
613
-250
-852
-187
851
-763
68
144
966
906
102
-521
-981
-491
-697
-797
-717
-78
-245
-112
872
-151
-773
189
795
473
900
-975
770
101
-978
739
-735
351
-550
-16
-564
443
62
-305
-627
525
-234
-182
979
362
473
194
481
195
741
-306
-307
-657
-737
812
-122
-513
758
-481
926
755
-125
276
-920
873
850
-39
-903
494
-137
977
185
-95
-48
144
-227
-280
399
501
-186
719
986
-266
-506
516
-780
743
591
-359
-835
-872
-683
536
682
-502
-866
-787
184
959
-261
251
525
809
-754
67
-627
920
842
927
-826
176
-47
-576
-891
255
-206
-887
-752
-68
-89
-260
795
876
-457
398
-25
698
-193
469
-861
-743
159
603
9
-63
242
-561
-502
94
915
273
820
950
998
983
-416
527
-437
-290
279
599
194
622
788
729
-234
342
61
58
806
444
-646
87
512
669
-630
-118
-17
-876
474
-986
-893
-957
223
-954
-686
955
-977
684
773
-325
302
425
-382
217
-417
-345
850
-307
-243
806
-913
148
716
40
341
-463
-974
717
111
-551
-958
-361
-718
70
477
420
-828
790
-895
-130
-546
968
-120
166
90
109
-961
-873
128
-305
-822
-249
806
-220
567
-737
-730
-243
-2
403
-133
-248
-550
785
604
-37
659
-326
-214
412
44
760
-986
246
-816
-567
-617
1000
-959
38
633
358
583
271
600
-233
-981
-545
-380
-764
-946
400
694
-722
844
544
-751
-705
-789
-967
496
692
32
-632
-267
656
-255
643
124
852
-275
-584
14
396
-8
-509
-866
398
-864
-928
-187
-736
911
198
-191
642
323
-495
511
-877
515
935
-546
317
726
491
-934
-177
-823
-763
-597
948
-333
-362
-894
-622
-817
-75
391
-107
924
810
-264
-299
758
834
549
-913
-922
-760
-239
-234
240
973
642
-817
583
130
755
113
369
105
-47
461
450
-299
-137
-186
469
518
-985
23
528
89
-983
702
-828
-728
197
-504
-364
629
695
571
358
-99
-498
983
-221
788
985
945
306
717
-561
320
-776
650
-820
269
-761
594
911
745
68
-35
-845
-638
394
-76
333
-411
764
107
-284
350
-212
237
393
328
882
255
208
830
-353
792
-441
-183
-886
485
-828
-909
-514
-71
334
-778
437
175
-417
226
180
551
-449
990
550
-351
262
-286
-205
174
-154
-978
-575
-1
907
-73
53
-368
-414
883
777
7
-292
358
-251
-81
924
-864
-803
741
363
-114
980
-112
-966
904
-976
-817
540
873
482
-285
-540
-375
-781
411
548
-574
912
-928
-168
390
164
290
786
-127
368
315
-315
-898
-557
-362
632
-998
865
-628
-255
714
167
-219
136
60
687
235
327
942
468
812
469
-703
-475
424
329
-398
-238
519
-422
615
459
-929
-553
-682
814
-790
448
-534
100
-575
946
473
558
-169
424
-261
613
655
-832
692
927
519
-176
944
-695
-333
686
-317
-236
-949
898
-282
39
-130
201
509
808
951
530
-393
628
-724
894
-992
294
31
-621
-733
-509
679
41
-123
-768
161
-668
206
-547
779
930
-728
412
834
-520
789
-937
642
652
648
-941
609
830
13
542
442
-762
301
-523
719
-859
-942
471
-861
-853
-70
-541
-690
29
-510
813
-601
717
-843
83
361
128
-607
84
6
-856
-850
-77
420
551
906
771
237
-551
-18
693
-864
407
-435
511
-904
628
-899
327
-283
-97
927
-309
660
935
-579
781
-984
540
744
121
-49
-198
83
-674
-388
-581
943
444
267
-751
-978
-367
469
-508
-573
-314
-129
672
796
932
752
268
-100
-218
737
239
-598
-193
-467
-260
662
-225
-487
-167
4
250
-100
-171
-108
-44
390
-492
-348
-795
358
-253
-955
-389
26
739
-315
-341
839
-684
-933
736
18
366
-442
-856
796
961
971
337
-367
-133
-122
215
-878
-251
-686
-43
421
950
458
-128
535
-532
-162
-836
-737
582
-205
937
189
980
530
-860
700
614
-678
-424
-674
-852
-342
133
71
-868
423
-793
-6
-975
-647
-934
-932
842
-772
193
443
-449
718
-285
659
-928
327
526
946
-277
-848
-387
563
-523
28
-393
-647
-910
-470
-959
34
-761
-455
-745
-755
-507
751
-889
435
155
403
718
715
-316
-297
996
754
568
-970
-818
825
-729
-508
-510
911
-261
152
317
532
435
-784
859
62
886
-585
-908
645
-319
582
940
-669
860
-704
417
444
-414
-270
-426
-168
-349
499
923
342
-177
-611
776
579
-50
-516
-116
-335
204
864
-176
-77
240
646
-953
-960
-828
665
451
279
724
288
171
55
-307
173
604
-986
-907
184
-817
289
821
89
-941
801
-576
134
229
734
991
-308
988
-755
-547
970
-728
323
-724
694
306
-583
479
601
984
-140
-885
789
-343
-905
-635
-924
924
-663
-206
610
-381
689
-357
258
-890
193
353
640
-701
526
-931
-769
-137
735
-59
837
903
-574
-53
6
-60
-237
202
-562
-472
-557
306
-219
812
448
-213
103
-473
882
979
529
-964
889
1000
534
76
429
-386
862
-939
-678
791
285
-863
780
-826
-647
-163
-33
674
318
180
-208
-912
723
-701
-975
-959
170
647
835
-776
564
482
382
730
-169
143
-358
-60
-119
-891
509
504
96
972
-817
-351
-938
767
-578
10
-500
278
647
510
-498
122
566
125
562
-952
-855
-567
978
-242
486
21
-197
160
-622
-257
-329
628
-142
694
-197
-459
522
-245
-204
863
-98
-631
257
-233
171
0
-696
395
427
-546
841
-811
167
-925
822
130
123
55
491
-257
-201
-796
932
-174
896
369
-306
345
-376
623
306
752
-358
912
-707
-683
-152
402
711
167
-727
867
-592
-334
548
994
149
414
-90
922
-278
813
-412
-765
750
666
-169
780
992
-546
575
-193
0
-830
-426
212
212
-154
-656
-911
521
-908
730
324
-129
930
-616
632
-981
139
-155
95
-966
407
-130
768
45
20
-531
227
-411
742
234
479
29
789
-37
545
-203
-356
-15
-36
858
-681
-228
-360
-690
559
200
909
-566
600
-25
-153
-732
-618
166
867
264
659
200
314
-361
451
795
-599
942
46
556
-120
-546
286
-327
582
-894
-379
-900
396
-422
280
934
840
-546
191
-141
642
-392
-731
-643
-98
973
223
-248
-947
-128
-471
666
-224
349
-720
-270
495
-974
-515
503
643
36
-598
290
285
-665
57
334
-844
-204
304
-325
-884
-191
227
444
-177
721
-216
393
-56
900
-681
-794
-511
-311
231
300
-76
-443
-126
796
458
403
-190
421
631
976
-915
-769
502
427
86
586
-812
283
827
935
169
-482
548
523
-204
-345
-502
-264
65
-370
189
-988
-36
-457
-492
-76
-280
-775
845
-558
-906
610
137
-763
-542
-397
-54
-912
-695
859
684
674
918
-780
-408
-164
-867
786
686
-452
-923
-637
369
776
671
-774
715
-704
-491
-90
768
942
-409
-729
-346
674
-137
976
160
-891
-371
610
869
136
327
672
-408
430
-376
334
174
-193
-590
-740
-663
-67
537
-892
679
-358
-150
-478
850
194
633
-419
880
-477
-435
-860
694
-587
304
449
992
740
789
-506
-664
480
780
-895
242
505
770
451
-38
-10
-140
315
455
860
330
679
-732
492
300
-648
418
815
-779
41
-601
-801
350
59
280
-62
-402
537
597
414
177
226
-905
-566
481
875
-615
591
-61
488
972
-884
-31
-54
-793
-402
818
-868
-232
-10
-435
385
-332
730
-126
-619
-230
-942
-302
717
-772
284
-581
-785
-570
-968
64
-144
677
-439
-278
-2
-33
-749
112
801
-661
4
499
190
974
308
418
-836
-104
555
722
234
170
-934
-288
-568
-120
183
851
-583
-702
-759
-140
774
491
-140
586
-161
870
-16
-410
-957
-653
-402
904
-47
225
-542
-752
-384
11
-367
-338
522
851
-359
-183
-678
887
-686
423
917
969
-929
583
45
-734
-389
828
533
510
-364
511
147
807
-594
564
-438
350
697
525
120
-796
30
-23
-192
-491
800
-219
-507
527
955
282
-654
89
474
-263
349
677
-184
-429
766
905
919
428
-666
875
839
114
-524
711
-1
-27
-461
821
-984
-651
285
88
-745
358
164
460
-470
21
119
-702
919
388
368
445
957
-562
701
-427
852
872
361
224
37
-718
212
230
606
-350
101
-100
-686
208
-308
362
-187
195
-654
594
-822
589
747
834
302
-303
334
439
-28
985
506
240
978
-459
310
331
-987
-87
-244
-335
-331
-455
742
362
-104
-801
43
712
780
-305
700
-15
563
759
-769
-624
-618
861
-762
315
-927
-984
446
662
-183
791
-931
-689
-289
-727
291
-615
686
586
522
517
999
-965
749
79
-259
38
820
670
28
738
566
-297
-925
-846
-626
522
6
-314
-629
90
362
-899
-561
-778
328
322
-67
579
-815
-870
285
21
889
-416
735
750
-396
-793
186
-455
-63
-887
52
-109
799
-849
-466
-765
-321
-470
766
-811
-604
-618
-933
870
-271
-293
528
-886
615
349
-202
271
915
-455
402
44
168
128
536
-912
77
446
27
784
290
-566
-748
-779
-959
508
-734
-98
904
-434
681
-664
278
616
-785
116
-783
-157
-225
-131
60
-153
-544
-460
305
525
989
562
-771
-522
531
-379
297
871
918
-136
-548
-271
-616
-584
540
-495
-571
230
437
488
703
867
472
-951
-483
244
987
-595
792
-150
-663
-538
190
-167
714
-304
139
-26
-477
-616
94
137
-758
928
-177
895
557
-463
100
-731
-619
925
-300
-655
413
-934
941
-868
190
83
362
-144
-35
-376
694
-995
-595
-973
259
144
39
86
697
-152
-673
-892
-681
993
-324
310
-364
-227
-554
667
276
215
-359
514
575
146
720
-407
550
-375
-898
-731
-770
-232
205
370
-25
219
-587
-888
728
-385
-330
-983
59
911
-807
-841
662
656
-515
579
-448
-517
-89
-217
288
-838
-612
113
-99
-123
-265
224
195
348
-845
44
-285
-499
-991
306
-179
-26
254
-601
-256
-539
-225
-204
-27
-577
-373
511
-322
744
-832
-643
169
-13
-884
-86
34
825
-775
433
667
-710
-251
213
-423
-311
313
-40
-808
-21
-375
458
-422
-337
-105
-845
564
-479
527
-246
-296
21
382
-721
937
-944
22
139
-844
740
-413
512
-6
912
-960
150
231
427
22
-401
300
-593
813
207
-229
535
-133
679
183
266
739
466
890
464
314
213
107
-88
897
857
796
747
-323
-637
930
126
-263
-946
275
-507
404
753
-147
709
197
516
-845
203
-647
837
-169
-611
249
-563
947
-38
311
-652
-413
489
611
-210
-262
477
-560
-343
335
-341
-71
-934
-542
145
117
976
790
578
30
722
-536
59
-101
14
-361
152
-445
-784
623
818
869
642
513
225
-616
-644
-663
321
-74
-734
77
384
687
-571
314
-20
-511
256
-731
-742
910
-934
-754
-891
611
270
-737
651
701
-352
-98
315
-311
-228
-253
380
901
89
26
-458
-839
549
904
578
-155
-786
-383
928
-31
795
-32
-862
226
381
-691
-91
758
796
-535
812
-167
488
-626
916
-263
361
-94
301
-228
-874
-528
498
-645
414
-241
-626
-385
-670
-977
-614
-445
-104
263
221
-91
-761
-875
-77
360
-242
281
-886
-251
-554
319
-290
174
-708
-810
957
833
-827
872
651
571
933
-414
904
-35
779
-34
155
939
-853
181
-201
-309
-895
-135
127
313
-824
116
-682
-93
302
-643
-191
-738
607
-473
9
553
-423
682
-813
517
920
87
-207
-259
-557
-830
591
-153
-511
-625
669
693
-45
106
-20
-550
335
938
-645
-718
-406
-339
-423
-440
-880
-905
-793
-194
597
155
-558
842
283
642
-872
292
200
95
-963
41
170
955
220
-94
-122
821
-85
-902
89
-660
-899
-842
-276
155
-141
-472
-55
-449
-371
878
809
533
-134
-872
-233
102
167
-877
-744
-44
-277
-244
-292
-98
-206
68
456
-9
293
-485
-228
884
-947
-64
-493
-494
331
103
-249
-650
-250
-520
192
842
146
920
380
206
993
-765
-863
537
-491
292
-348
-980
-161
652
533
-909
268
939
-261
968
72
-999
857
-501
539
-142
-761
500
-604
-235
64
592
434
-735
35
465
-122
-220
56
-643
784
944
-6
116
389
-384
-8
-919
830
-143
160
432
-260
723
564
29
949
-688
903
-752
1
98
108
418
-721
-399
998
-835
76
-202
-233
859
81
46
188
-908
-566
-189
988
-431
-335
-438
650
-473
-9
-936
-915
-502
-142
-186
160
-470
941
597
-158
-479
-386
344
546
734
825
-274
29
173
-821
696
161
134
218
-694
660
969
-815
995
412
882
70
-355
973
828
269
964
245
-871
557
-463
-442
-43
609
-413
84
-376
-401
-378
-379
160
-742
-127
453
-846
-448
-986
216
136
-429
-907
-940
-263
390
-274
-56
311
-337
406
-418
-656
163
536
633
-929
-227
372
550
-188
807
-743
-159
793
-64
430
641
960
341
615
797
-803
57
-782
280
-694
-141
-240
247
-287
-642
-470
-511
-211
165
-183
46
-172
-414
-986
-408
586
-999
-515
-418
-92
783
612
333
-957
-326
-353
258
-944
-754
-330
136
600
479
-718
-805
175
-718
210
-279
-584
-161
196
-123
-540
-532
306
-311
-924
329
-291
-439
175
784
715
-680
458
-25
403
874
369
289
-533
648
672
-577
200
-841
256
393
-781
326
27
553
645
618
-258
192
944
-302
757
-100
663
260
-998
420
-385
-57
-469
462
246
649
137
-806
432
-377
210
-36
-415
19
618
-484
432
-2
465
-390
-148
367
809
-618
845
539
-904
-194
-23
982
250
33
-729
117
-734
45
-799
-66
278
503
957
-179
-542
716
317
-664
-40
-309
-284
97
966
109
61
446
-270
95
-420
106
-192
-454
-729
-193
-710
571
448
-909
-371
-358
-952
-726
857
-530
-814
-816
148
-844
104
-472
310
-647
-7
4
-127
-239
-947
949
-315
709
295
-617
3
-318
823
-199
-509
935
-601
-707
290
938
849
-591
-457
254
-982
-352
34
656
748
-675
-136
922
-942
93
462
292
-608
161
-66
490
391
684
-846
483
-653
-57
274
360
-845
249
-165
289
-979
515
-328
-522
118
611
914
720
223
-784
124
-757
-283
848
559
170
389
-754
-324
-990
39
-317
-215
888
708
667
-754
-36
-807
-222
-643
-600
424
88
-5
412
24
-443
191
-451
-505
342
-527
-649
125
-693
904
-142
-220
513
115
125
-81
542
89
881
-363
309
-239
-64
-491
-293
28
373
61
-571
986
380
255
850
-539
832
-569
427
889
650
-133
584
67
787
985
-267
-463
-303
-270
-657
562
705
988
-339
-217
-423
-529
-292
-388
-77
-365
-442
412
-265
-28
611
-422
-220
976
-274
260
747
322
111
782
-907
-694
-711
997
909
-405
-774
-221
650
-489
-533
-719
6
-587
508
-125
-407
-822
-989
-275
127
-530
725
130
484
831
-271
-154
-622
610
387
333
902
25
252
382
268
-254
192
691
-210
-717
184
-156
-598
-768
67
895
-635
341
-435
-408
443
247
-221
871
790
-373
-782
-802
-394
-962
546
20
321
-645
-273
700
97
509
-693
419
-714
-855
-378
-246
-666
-891
-550
-979
-412
-351
890
776
941
772
75
-289
-573
-287
453
333
-93
88
132
-180
-198
-729
549
799
-432
-278
934
-400
983
-52
-756
502
-561
434
786
959
298
157
-418
968
-240
488
-14
-367
798
-498
579
264
656
-21
346
-136
918
-771
386
145
202
-790
-911
908
-353
-965
313
-740
373
-905
-473
-717
-742
-820
-615
292
-127
929
856
-306
87
528
371
-126
-451
342
-333
271
567
-993
830
622
78
-672
149
-875
-552
-123
807
758
-708
943
252
-805
169
611
686
-981
-914
-126
570
310
42
-249
687
938
-815
-102
999
120
220
-441
-597
-811
-171
-376
-50
360
-470
980
477
534
584
253
42
-763
-262
531
-145
806
-891
-478
946
136
233
-56
-942
-651
158
-463
300
565
447
-892
683
719
294
333
441
-813
-256
692
-644
148
-190
275
154
446
-266
164
114
613
-368
-115
-650
-472
-70
878
83
199
-502
36
68
-242
-47
-342
392
-352
822
804
-919
-209
-791
-692
-919
-531
225
723
966
566
-644
-559
-630
869
-640
-303
902
876
-333
-692
-222
327
-697
-173
444
-726
811
-515
996
670
-459
-16
432
183
-836
-453
-465
-268
393
515
-930
-514
-629
385
218
528
207
704
348
-854
271
325
-563
178
92
-430
519
346
555
-343
-933
-148
-560
-47
-634
-537
113
-874
816
-650
179
748
323
-802
752
-120
845
360
-439
-504
-656
-762
409
-668
-362
150
-481
430
-466
207
-935
26
-432
-210
-238
309
0
-12
-911
-823
210
378
633
-912
-573
-535
-29
-526
-402
-300
-486
321
0
-957
-452
448
831
732
682
804
180
583
-17
-623
-413
483
-910
-979
-375
-624
-128
18
292
-647
-417
-229
626
-777
-254
-676
340
-847
-291
896
-697
671
911
686
-133
494
-988
430
638
804
-875
659
978
720
-154
20
-456
258
-343
-786
-696
551
-13
-705
893
-956
103
-791
-839
494
-647
111
820
-955
635
502
-908
130
705
352
-441
577
218
119
624
154
987
-868
-152
-539
264
813
60
-901
-254
-51
-474
762
330
-177
-353
901
-627
-537
440
-584
339
-137
125
-599
42
-934
-940
965
-227
-577
-79
-107
58
131
130
-84
614
-401
-473
965
-982
-12
871
-737
855
-841
-88
-313
-931
-268
-921
475
-446
990
-401
-413
-17
-833
-583
-564
732
-971
-70
509
235
-677
-734
-678
-914
-267
-554
-134
-71
910
-156
-513
825
-298
749
-114
-304
-558
764
163
-122
-498
82
-730
497
-726
-283
51
950
624
459
-374
-707
-735
551
458
173
-60
97
-778
-924
-601
0
819
712
-586
-536
-447
157
-665
-739
-478
485
-672
-19
-214
384
637
282
-778
397
-737
955
287
554
-213
-731
-883
-602
26
-700
-218
433
-315
708
917
-724
491
575
232
372
-73
-762
170
1
-273
-695
-193
871
-79
775
752
53
935
-340
306
167
-395
784
539
-536
-396
690
804
-609
-546
-218
608
-652
40
163
311
738
885
-474
39
140
-131
653
-30
260
-741
-996
-672
-208
903
968
-491
-651
687
-690
-219
-399
-409
635
-540
574
-694
-146
-467
904
-715
-954
-800
695
-359
144
943
-988
451
-48
691
255
-722
-340
741
-388
-333
615
613
359
958
-393
-855
-821
-370
564
14
-731
754
-974
-306
-359
-649
-681
96
150
-739
-916
501
-775
870
-33
-703
354
875
-572
200
392
-700
-678
-54
-243
144
234
754
-492
852
415
5
927
879
-752
-915
420
856
-709
-687
334
-989
528
272
-823
-585
-517
-942
-618
705
656
795
-856
323
686
-923
237
112
-611
998
413
879
-418
439
-746
232
-542
-258
215
576
650
-831
-846
334
-700
157
113
-216
-408
469
128
-434
143
461
990
978
695
502
592
-752
407
-197
164
-119
-735
-851
217
-928
-662
919
-173
-506
343
818
996
-923
480
-509
438
-453
-785
410
123
412
896
-861
359
931
-916
-11
-562
136
-192
-964
935
159
-18
-800
536
640
-281
677
991
537
351
-46
-504
-360
-809
-567
-165
-408
-559
-679
-514
-887
577
202
-195
285
-528
-894
-588
-260
-950
890
318
455
859
427
-830
-318
720
290
-272
-922
-311
456
-360
-700
15
448
-107
642
-998
-856
804
-900
-689
-529
110
-716
-825
-741
644
-423
992
464
10
811
871
681
-676
-161
-152
-395
572
-364
-286
65
60
-469
747
480
778
-193
-774
210
-773
-411
-953
-119
341
-374
-655
-1
-125
-740
874
-504
-532
362
-898
-298
-380
-947
909
-684
-332
169
773
-202
-795
220
917
662
-447
471
-337
154
-533
-551
559
-591
591
382
-155
992
-23
779
891
639
741
-713
160
-765
980
-493
-921
-952
-80
-593
-857
656
243
575
-540
-248
392
-963
-361
-457
105
163
263
-999
315
658
-165
653
-21
494
-351
-416
-4
-522
-358
-42
-269
495
633
-737
-933
-515
-465
318
-124
261
703
376
-691
-990
376
915
694
432
35
249
500
224
451
920
-42
-221
-242
208
-469
631
-155
150
-111
842
22
72
-811
-636
832
353
-773
-798
-981
-887
-790
-374
-825
118
642
523
285
-15
-604
-245
-613
-686
178
899
-466
-376
660
-821
-228
625
-575
-945
-268
855
-630
-45
-527
977
-855
425
710
602
691
-818
546
840
-644
824
-584
-802
-298
433
534
486
-253
-235
-342
979
373
434
-682
261
-406
-965
144
241
-726
448
-241
748
-27
-140
-700
-968
435
-18
-238
953
-24
77
579
-220
423
-135
259
-204
623
-884
-830
-306
156
73
736
-126
838
976
-459
114
-822
-187
282
-420
-353
-509
-65
792
924
-332
502
-459
596
319
94
-117
-906
-168
356
848
-146
34
416
-493
1000
-926
868
981
-85
-167
-965
991
948
-412
252
141
-391
-4
853
-571
70
184
-619
70
-503
-136
-916
-789
-196
939
338
993
-781
30
-307
404
-235
247
-826
-960
-426
52
-17
-75
177
991
-304
-533
524
-393
147
-325
239
-361
923
796
-43
-307
549
-699
60
-172
-10
-69
-390
3
-530
805
934
-531
941
770
-960
186
-388
-210
-851
-339
-20
-999
-350
448
-645
-56
-780
-534
-769
179
-619
11
-773
-897
100
667
245
643
465
-16
843
897
48
87
-485
86
425
-97
473
561
43
-280
816
941
-28
-791
930
-918
-442
474
259
-596
-225
-813
-857
-29
-121
-666
-513
-239
39
881
318
749
-902
73
970
-539
-568
737
996
-714
-975
852
464
964
209
-1
-64
-230
163
-833
-658
-941
-799
807
792
217
-324
806
-128
-111
928
-221
251
479
-914
107
184
983
-775
580
-825
-610
793
621
-504
-542
91
846
253
-683
445
629
-160
159
975
588
918
175
-896
-971
-349
558
810
730
765
-217
-46
185
-979
800
704
-942
-371
-812
171
676
-632
868
402
-943
14
503
145
-597
-783
-593
-179
-689
-208
-90
-425
-543
-755
-25
913
876
945
887
-658
-32
785
370
791
860
257
662
-538
-328
-40
-275
164
-159
122
809
173
329
-966
-598
478
489
919
939
-142
535
850
321
-407
-249
-46
-706
-858
675
-469
-409
-896
502
-723
811
-23
-340
-555
-881
863
-923
-218
-880
705
-261
559
-57
-881
-355
661
-740
-923
488
97
826
-250
527
-305
994
-361
-469
239
-635
847
-708
306
-968
352
-49
-866
531
593
558
752
-158
785
260
519
44
-444
-343
672
-423
589
86
-637
197
-671
-914
-566
8
567
-757
-550
-938
945
169
-286
787
-780
-147
-560
-884
997
743
-859
-311
-756
-982
-542
-528
335
-71
-767
-251
240
-127
-169
455
-455
76
540
723
-793
-656
883
987
418
-830
-981
609
-564
-498
135
241
-504
-42
-58
-745
-705
-504
299
-94
-653
-182
-922
-183
565
-454
-222
774
968
137
806
-404
338
132
-73
873
15
-845
221
-288
857
229
-646
582
806
640
648
25
-410
-135
76
-500
-340
-189
603
-797
572
-162
434
-524
-947
-785
-367
-990
539
916
326
421
-325
280
893
83
696
-276
954
748
-139
-322
-300
-792
54
451
226
-524
-513
37
-665
-579
560
307
248
-165
-488
973
72
-576
-894
453
405
259
-966
-238
551
-792
891
651
-21
585
-224
-54
-343
-656
10
-890
946
-964
555
801
577
205
110
733
103
442
607
-189
275
223
582
588
-666
19
778
-740
-108
-521
-322
507
-932
713
786
630
10
478
-341
-814
-337
517
-476
-688
-101
-21
-768
-632
10
-611
222
-819
-416
-766
21
-141
-871
-44
828
826
-232
203
-923
-796
-368
-350
-712
709
715
707
925
-807
-176
56
-245
-685
142
99
-748
3
639
172
254
-113
-947
218
538
624
110
535
828
-639
421
-401
237
917
-305
834
166
-136
-34
146
790
-354
-351
861
478
698
661
699
-448
133
758
211
-255
-420
331
-597
559
-205
908
892
544
557
-112
-217
449
-362
447
-59
242
937
692
-334
470
-601
-564
-923
416
961
335
-414
-516
-646
313
-355
-206
-59
924
383
149
-580
-129
-323
248
-392
-331
61
624
-156
-164
-40
-466
-787
-98
120
444
654
82
204
34
-570
-471
-371
-45
-685
425
933
279
631
-185
-342
871
-106
-109
-363
-334
-969
-462
-944
-575
73
-921
-49
-186
277
53
-962
-425
659
304
-615
251
979
375
851
375
75
-221
-111
121
951
740
-476
759
529
-479
-49
-491
-697
-688
483
252
-226
-935
165
-53
-463
552
-854
779
-331
-145
473
22
845
378
772
809
506
189
57
-603
-656
-94
124
573
149
942
937
619
-733
-92
741
-432
-962
-342
-135
754
-483
-305
644
124
906
770
530
-377
789
-199
144
-338
750
-99
-68
277
281
-170
305
204
-588
-895
-781
616
61
-710
651
983
84
-683
380
-645
-182
1000
824
673
29
-819
845
618
218
-902
-382
18
-873
196
955
437
-441
-755
-975
234
219
-731
340
501
19
67
-417
-573
-525
670
-34
45
763
809
-618
-747
962
439
927
284
841
928
761
-958
-272
607
-797
-135
-176
-11
-25
-944
-637
267
321
-774
-551
687
366
-883
782
463
946
237
681
225
-173
649
893
196
-224
442
-220
96
191
-850
397
57
-455
-158
805
-416
-425
623
12
917
579
-160
477
-647
418
634
245
596
-12
82
-834
43
925
142
-561
130
-107
-264
808
765
883
637
469
667
-924
694
-132
323
-707
834
136
269
488
974
-482
161
341
217
-421
-551
861
-858
-105
188
-293
-939
-485
-811
-854
-860
453
157
-934
-58
-255
-525
416
616
-945
-367
-546
935
474
-881
712
285
-83
-450
839
-219
821
683
-637
362
-622
897
-423
916
-375
581
-417
28
268
-894
561
-68
-720
-507
-7
500
-532
-286
-107
-862
527
-976
14
575
823
-82
621
289
-55
773
-394
-574
-628
-915
-35
-352
-473
-591
-626
749
199
1
811
-516
-985
707
284
-744
-484
434
-349
202
824
840
326
697
-825
604
370
-139
555
-409
-103
26
-584
-328
-286
-633
756
508
-401
-26
-64
21
72
833
365
780
-90
-899
999
313
890
-122
317
27
9
607
-29
-452
372
166
87
-173
318
-838
442
112
-769
499
341
-935
791
23
-987
817
594
-412
-556
626
953
-954
506
789
-658
-630
-313
-811
-644
501
-900
-978
-542
-952
558
-113
0
433
958
243
-160
-207
136
-402
-762
-120
-674
-854
540
282
813
-367
982
-227
580
157
973
-616
729
-178
990
-836
-856
118
757
-900
-908
-135
626
89
136
-135
-968
405
-402
-526
56
614
967
589
-59
-504
-955
-557
-301
-376
-855
473
-98
845
-855
-795
-607
-43
329
495
-670
131
-480
47
98
-797
788
-478
-387
-787
-618
34
-773
718
-867
320
146
-981
-70
-23
-670
886
-342
-430
543
380
-96
-267
-734
-22
47
-782
339
-697
-237
485
-726
-370
593
-206
-491
443
147
672
-372
458
628
349
-554
-976
81
340
-247
-357
-613
577
221
531
27
215
-905
463
-541
158
427
-519
-224
-935
-979
-928
413
-746
54
442
46
-545
-193
160
418
-639
286
786
-169
395
981
-335
251
-949
-246
-774
-907
905
943
-80
-887
608
-514
-686
47
-145
-505
594
-874
-431
281
-1
-985
-236
988
715
-108
828
881
754
-390
782
289
-27
-892
-86
-642
-805
184
-1
-507
611
416
960
-807
-951
938
135
670
-360
-648
-232
-849
-989
-549
-626
29
182
-972
816
493
-841
-833
-92
700
-749
287
-258
-664
-543
57
-195
-302
989
-6
-36
-44
-397
-867
812
112
-786
-913
133
-187
-5
937
-792
57
759
833
-365
1000
-593
466
673
867
38
-940
130
874
-862
623
569
-297
395
-196
91
118
156
-969
429
-915
-342
-896
-993
632
7
37
84
555
812
-391
331
-648
219
-771
449
-787
-109
-681
57
66
158
97
628
-722
-492
-772
769
-119
696
994
-984
81
418
914
-345
349
209
132
-258
189
-559
945
234
-480
790
-108
-751
879
569
-90
888
-822
28
-75
62
-231
193
-743
-858
-215
-886
-814
141
612
813
252
-139
39
376
357
248
292
-409
605
347
-493
797
470
410
-603
-558
-63
923
18
-482
432
433
-822
741
-35
371
-575
-841
-550
143
-726
131
516
-386
455
76
-929
894
-669
-378
957
-819
478
204
61
240
884
463
-780
-874
565
565
-859
388
-222
191
-360
305
-398
-42
7
290
-145
477
281
788
259
-12
-127
-274
555
-975
-655
-403
243
-687
